12
100
-1.0 80.77747210701756 64.0 47.4236228055175 73.10950690573696 85.70297544426332 85.44003745317531 85.0 78.74642849044012 81.02468759581859 36.069377593742864 57.982756057296896 
80.77747210701756 -1.0 89.06739021662193 35.014282800023196 90.44335243676011 38.62641583165593 81.46778504415104 19.235384061671343 34.9857113690718 19.235384061671343 53.23532661682466 30.675723300355934 
64.0 89.06739021662193 -1.0 61.5223536610881 9.848857801796104 64.38167441127949 30.0 78.74642849044012 61.39218191268331 102.00490184299969 45.48626166217664 59.07622195096772 
47.4236228055175 35.014282800023196 61.5223536610881 -1.0 65.80273550544841 42.5440947723653 64.8459713474939 37.73592452822641 35.35533905932738 42.04759208325728 18.973665961010276 12.529964086141668 
73.10950690573696 90.44335243676011 9.848857801796104 65.80273550544841 -1.0 62.0966987850401 21.93171219946131 78.29431652425353 60.166435825965294 104.7377677822093 51.478150704935004 61.554853586049575 
85.70297544426332 38.62641583165593 64.38167441127949 42.5440947723653 62.0966987850401 -1.0 47.16990566028302 20.248456731316587 7.211102550927978 57.56735185849702 49.8196748283246 30.01666203960727 
85.44003745317531 81.46778504415104 30.0 64.8459713474939 21.93171219946131 47.16990566028302 -1.0 66.06814663663572 47.50789408087881 98.22932352408826 56.00892785976178 56.79788728465171 
85.0 19.235384061671343 78.74642849044012 37.73592452822641 78.29431652425353 20.248456731316587 66.06814663663572 -1.0 18.601075237738275 38.47076812334269 51.92301994298868 27.51363298439521 
78.74642849044012 34.9857113690718 61.39218191268331 35.35533905932738 60.166435825965294 7.211102550927978 47.50789408087881 18.601075237738275 -1.0 53.31041174104736 43.01162633521314 22.825424421026653 
81.02468759581859 19.235384061671343 102.00490184299969 42.04759208325728 104.7377677822093 57.56735185849702 98.22932352408826 38.47076812334269 53.31041174104736 -1.0 60.92618484691127 43.18564576337837 
36.069377593742864 53.23532661682466 45.48626166217664 18.973665961010276 51.478150704935004 49.8196748283246 56.00892785976178 51.92301994298868 43.01162633521314 60.92618484691127 -1.0 24.515301344262525 
57.982756057296896 30.675723300355934 59.07622195096772 12.529964086141668 61.554853586049575 30.01666203960727 56.79788728465171 27.51363298439521 22.825424421026653 43.18564576337837 24.515301344262525 -1.0 

-1.0 77.42092740338364 29.154759474226502 26.92582403567252 59.135437767890075 26.832815729997478 70.9365914038728 27.073972741361768 49.36598018878993 40.85339643163099 62.81719509815764 27.730849247724095 
77.42092740338364 -1.0 80.52328855678958 63.8200595424354 45.35416188179427 55.154328932550705 19.235384061671343 59.20304046246274 52.88667128870941 78.31347265956222 79.62411694957753 102.59142264341595 
29.154759474226502 80.52328855678958 -1.0 52.009614495783374 46.010868281309364 27.018512172212592 67.54257916307313 49.92995093127971 71.11258679024411 13.0 36.0 50.08991914547278 
26.92582403567252 63.8200595424354 52.009614495783374 -1.0 63.387695966961914 34.0147027033899 64.19501538281614 5.0990195135927845 23.021728866442675 60.876925020897694 79.40403012442127 42.04759208325728 
59.135437767890075 45.35416188179427 46.010868281309364 63.387695966961914 -1.0 32.7566787083184 27.073972741361768 58.54912467321779 68.87670143089025 38.47076812334269 34.36568055487916 86.7294644281861 
26.832815729997478 55.154328932550705 27.018512172212592 34.0147027033899 32.7566787083184 -1.0 45.34313619501854 30.01666203960727 47.634021455258214 30.4138126514911 45.803929962395145 54.56189146281496 
70.9365914038728 19.235384061671343 67.54257916307313 64.19501538281614 27.073972741361768 45.34313619501854 -1.0 59.135437767890075 60.07495318350236 63.06346010171025 61.40032573203501 98.00510190801293 
27.073972741361768 59.20304046246274 49.92995093127971 5.0990195135927845 58.54912467321779 30.01666203960727 59.135437767890075 -1.0 22.360679774997898 58.0 75.71657678474378 45.27692569068709 
49.36598018878993 52.88667128870941 71.11258679024411 23.021728866442675 68.87670143089025 47.634021455258214 60.07495318350236 22.360679774997898 -1.0 77.6659513557904 92.65527507918802 63.89053137985315 
40.85339643163099 78.31347265956222 13.0 60.876925020897694 38.47076812334269 30.4138126514911 63.06346010171025 58.0 77.6659513557904 -1.0 23.0 63.071388124885914 
62.81719509815764 79.62411694957753 36.0 79.40403012442127 34.36568055487916 45.803929962395145 61.40032573203501 75.71657678474378 92.65527507918802 23.0 -1.0 86.05230967266364 
27.730849247724095 102.59142264341595 50.08991914547278 42.04759208325728 86.7294644281861 54.56189146281496 98.00510190801293 45.27692569068709 63.89053137985315 63.071388124885914 86.05230967266364 -1.0 

-1.0 57.0087712549569 66.0 44.27188724235731 39.0 12.165525060596439 86.2670273047588 21.095023109728988 78.5175139698144 36.124783736376884 51.62363799656123 20.223748416156685 
57.0087712549569 -1.0 9.055385138137417 19.849433241279208 80.05623023850174 56.515484603779164 70.45565981523414 36.013886210738214 56.08029957123981 21.095023109728988 52.43090691567332 63.56886030125127 
66.0 9.055385138137417 -1.0 27.784887978899608 88.63972021616495 65.11528238439882 73.00684899377592 45.044422518220834 58.249463516842795 30.14962686336267 58.7962583843564 71.84010022264724 
44.27188724235731 19.849433241279208 27.784887978899608 -1.0 61.09828148156051 47.70744176750625 57.42821606144492 24.186773244895647 44.64302857109943 12.529964086141668 33.54101966249684 56.4003546088143 
39.0 80.05623023850174 88.63972021616495 61.09828148156051 -1.0 50.92150822589606 72.94518489934754 49.51767361255979 72.12489168102785 60.74537019394976 42.7551166528639 57.271284253105414 
12.165525060596439 56.515484603779164 65.11528238439882 47.70744176750625 50.92150822589606 -1.0 95.38343671728336 23.600847442411894 86.40023148117139 37.16180835212409 61.326992425847855 9.433981132056603 
86.2670273047588 70.45565981523414 73.00684899377592 57.42821606144492 72.94518489934754 95.38343671728336 -1.0 74.46475676452586 14.866068747318506 69.2314957226839 34.828149534535996 104.80935072788114 
21.095023109728988 36.013886210738214 45.044422518220834 24.186773244895647 49.51767361255979 23.600847442411894 74.46475676452586 -1.0 64.1404708432983 15.033296378372908 42.42640687119285 32.55764119219941 
78.5175139698144 56.08029957123981 58.249463516842795 44.64302857109943 72.12489168102785 86.40023148117139 14.866068747318506 64.1404708432983 -1.0 56.92099788303083 29.966648127543394 95.80187889597991 
36.124783736376884 21.095023109728988 30.14962686336267 12.529964086141668 60.74537019394976 37.16180835212409 69.2314957226839 15.033296378372908 56.92099788303083 -1.0 41.97618372363071 45.27692569068709 
51.62363799656123 52.43090691567332 58.7962583843564 33.54101966249684 42.7551166528639 61.326992425847855 34.828149534535996 42.42640687119285 29.966648127543394 41.97618372363071 -1.0 70.68238818828917 
20.223748416156685 63.56886030125127 71.84010022264724 56.4003546088143 57.271284253105414 9.433981132056603 104.80935072788114 32.55764119219941 95.80187889597991 45.27692569068709 70.68238818828917 -1.0 

-1.0 95.90099061010788 65.52098900352466 81.49846624323675 68.62215385719105 83.86894538504703 59.033888572581766 24.08318915758459 28.071337695236398 82.29823813423954 37.33630940518894 79.71198153351854 
95.90099061010788 -1.0 44.384682042344295 70.34912934784623 52.15361924162119 21.37755832643195 52.49761899362675 80.95060222135473 74.81310045707235 68.46897107449476 75.66372975210778 34.0147027033899 
65.52098900352466 44.384682042344295 -1.0 32.449961479175904 62.369864518050704 48.05205510693585 8.602325267042627 61.29437168288782 38.48376280978771 31.400636936215164 34.713109915419565 15.0 
81.49846624323675 70.34912934784623 32.449961479175904 -1.0 94.64142856064674 79.12016177940993 30.479501308256342 85.61541917201598 54.12947441089743 2.23606797749979 44.181444068749045 36.49657518178932 
68.62215385719105 52.15361924162119 62.369864518050704 94.64142856064674 -1.0 31.0 64.89992295835181 45.617978911828175 63.28506932918696 93.72299611087985 71.58910531638176 65.21502894272147 
83.86894538504703 21.37755832643195 48.05205510693585 79.12016177940993 31.0 -1.0 54.230987451824994 65.43699259593154 67.77905281132217 77.62087348130012 71.80529228406496 43.9089968002003 
59.033888572581766 52.49761899362675 8.602325267042627 30.479501308256342 64.89992295835181 54.230987451824994 -1.0 57.48912940721924 31.32091952673165 30.0 26.40075756488817 23.345235059857504 
24.08318915758459 80.95060222135473 61.29437168288782 85.61541917201598 45.617978911828175 65.43699259593154 57.48912940721924 -1.0 34.058772731852805 85.7962703152066 45.45327270945405 73.06161783043132 
28.071337695236398 74.81310045707235 38.48376280978771 54.12947441089743 63.28506932918696 67.77905281132217 31.32091952673165 34.058772731852805 -1.0 54.74486277268398 11.40175425099138 53.23532661682466 
82.29823813423954 68.46897107449476 31.400636936215164 2.23606797749979 93.72299611087985 77.62087348130012 30.0 85.7962703152066 54.74486277268398 -1.0 45.044422518220834 34.713109915419565 
37.33630940518894 75.66372975210778 34.713109915419565 44.181444068749045 71.58910531638176 71.80529228406496 26.40075756488817 45.45327270945405 11.40175425099138 45.044422518220834 -1.0 49.678969393496885 
79.71198153351854 34.0147027033899 15.0 36.49657518178932 65.21502894272147 43.9089968002003 23.345235059857504 73.06161783043132 53.23532661682466 34.713109915419565 49.678969393496885 -1.0 

-1.0 63.071388124885914 106.85036265731624 74.02702209328699 100.62305898749054 96.17692030835673 77.87810988975015 9.899494936611665 4.47213595499958 30.528675044947494 27.85677655436824 68.8839603971781 
63.071388124885914 -1.0 65.30696746902278 98.2344135219425 55.072679252057455 89.82204629154248 35.90264614203248 56.142675390472796 67.00746227100382 41.593268686170845 39.21734310225516 35.05709628591621 
106.85036265731624 65.30696746902278 -1.0 90.80198235721508 11.045361017187261 54.378304497290095 31.240998703626616 105.0 111.30588483993108 76.32168761236873 79.63039620647382 38.41874542459709 
74.02702209328699 98.2344135219425 90.80198235721508 -1.0 92.65527507918802 44.384682042344295 80.77747210701756 81.15417426109393 76.23647421018367 62.76941930590086 68.35202996254024 72.42237223399962 
100.62305898749054 55.072679252057455 11.045361017187261 92.65527507918802 -1.0 60.207972893961475 23.021728866442675 97.94386147176351 105.09519494249011 70.26378868236469 72.94518489934754 31.78049716414141 
96.17692030835673 89.82204629154248 54.378304497290095 44.384682042344295 60.207972893961475 -1.0 59.033888572581766 99.53893710503444 99.84988733093293 71.56814934033156 77.3692445355388 55.362442142665635 
77.87810988975015 35.90264614203248 31.240998703626616 80.77747210701756 23.021728866442675 59.033888572581766 -1.0 74.94664769020693 82.34682750416071 47.75981574503821 50.08991914547278 10.0 
9.899494936611665 56.142675390472796 105.0 81.15417426109393 97.94386147176351 99.53893710503444 74.94664769020693 -1.0 12.083045973594572 29.832867780352597 25.495097567963924 66.61080993352356 
4.47213595499958 67.00746227100382 111.30588483993108 76.23647421018367 105.09519494249011 99.84988733093293 82.34682750416071 12.083045973594572 -1.0 34.9857113690718 32.31098884280702 73.35529974037323 
30.528675044947494 41.593268686170845 76.32168761236873 62.76941930590086 70.26378868236469 71.56814934033156 47.75981574503821 29.832867780352597 34.9857113690718 -1.0 6.0 38.48376280978771 
27.85677655436824 39.21734310225516 79.63039620647382 68.35202996254024 72.94518489934754 77.3692445355388 50.08991914547278 25.495097567963924 32.31098884280702 6.0 -1.0 41.340053217188775 
68.8839603971781 35.05709628591621 38.41874542459709 72.42237223399962 31.78049716414141 55.362442142665635 10.0 66.61080993352356 73.35529974037323 38.48376280978771 41.340053217188775 -1.0 

-1.0 94.13288479590966 74.24284477308234 63.788713735268246 88.60022573334675 99.68951800465283 19.235384061671343 81.09870529176159 89.1403387922662 10.816653826391969 87.80091115700337 5.830951894845301 
94.13288479590966 -1.0 48.010415536631214 33.52610922848042 86.35392289873113 18.24828759089466 78.26237921249263 13.038404810405298 77.38862965578342 85.70880934886448 28.460498941515414 91.54780172128658 
74.24284477308234 48.010415536631214 -1.0 49.16299421312742 39.21734310225516 64.88451279003334 55.00909015790027 40.85339643163099 31.400636936215164 63.50590523722971 22.47220505424423 69.35416353759881 
63.788713735268246 33.52610922848042 49.16299421312742 -1.0 86.46964785403026 35.90264614203248 51.0 21.95449840010015 80.00624975587844 57.0087712549569 43.56604182158393 62.297672508690084 
88.60022573334675 86.35392289873113 39.21734310225516 86.46964785403026 -1.0 103.78824596263297 71.69379331573968 80.05623023850174 10.0 78.49203781276162 58.52349955359813 82.80096617793781 
99.68951800465283 18.24828759089466 64.88451279003334 35.90264614203248 103.78824596263297 -1.0 86.16263691415206 24.839484696748443 95.0789145920377 92.65527507918802 46.57252408878007 98.08159868191383 
19.235384061671343 78.26237921249263 55.00909015790027 51.0 71.69379331573968 86.16263691415206 -1.0 65.30696746902278 71.21797525905943 8.54400374531753 69.2314957226839 14.560219778561036 
81.09870529176159 13.038404810405298 40.85339643163099 21.95449840010015 80.05623023850174 24.839484696748443 65.30696746902278 -1.0 71.84010022264724 72.69112738154499 26.30589287593181 78.5175139698144 
89.1403387922662 77.38862965578342 31.400636936215164 80.00624975587844 10.0 95.0789145920377 71.21797525905943 71.84010022264724 -1.0 78.64477096412705 49.24428900898052 83.45058418010026 
10.816653826391969 85.70880934886448 63.50590523722971 57.0087712549569 78.49203781276162 92.65527507918802 8.54400374531753 72.69112738154499 78.64477096412705 -1.0 77.6659513557904 6.082762530298219 
87.80091115700337 28.460498941515414 22.47220505424423 43.56604182158393 58.52349955359813 46.57252408878007 69.2314957226839 26.30589287593181 49.24428900898052 77.6659513557904 -1.0 83.74365647617735 
5.830951894845301 91.54780172128658 69.35416353759881 62.297672508690084 82.80096617793781 98.08159868191383 14.560219778561036 78.5175139698144 83.45058418010026 6.082762530298219 83.74365647617735 -1.0 

-1.0 68.59300255857006 50.60632371551998 34.23448553724738 26.019223662515376 74.43117626371358 32.202484376209235 62.03224967708329 36.49657518178932 85.44003745317531 21.93171219946131 75.13321502504735 
68.59300255857006 -1.0 41.617304093369626 36.40054944640259 77.3692445355388 102.41581909060729 39.319206502675 99.70456358662827 32.14031735997639 83.93449827097318 51.264022471905186 22.80350850198276 
50.60632371551998 41.617304093369626 -1.0 23.259406699226016 45.0111097397076 60.802960454241045 41.78516483155236 59.033888572581766 32.01562118716424 47.042533945356304 28.844410203711913 32.31098884280702 
34.23448553724738 36.40054944640259 23.259406699226016 -1.0 41.340053217188775 74.67261881037788 18.681541692269406 68.26419266350405 10.198039027185569 69.05070600652827 14.866068747318506 41.0 
26.019223662515376 77.3692445355388 45.0111097397076 41.340053217188775 -1.0 48.83646178829912 50.0 36.013886210738214 48.91829923454004 65.76473218982953 27.018512172212592 76.11832893594026 
74.43117626371358 102.41581909060729 60.802960454241045 74.67261881037788 48.83646178829912 -1.0 90.47098982546837 15.620499351813308 84.75848040166836 38.05259518088089 66.09841147864296 89.87213138676528 
32.202484376209235 39.319206502675 41.78516483155236 18.681541692269406 50.0 90.47098982546837 -1.0 82.0792300158816 10.63014581273465 87.66413177577246 24.698178070456937 52.478567053607705 
62.03224967708329 99.70456358662827 59.033888572581766 68.26419266350405 36.013886210738214 15.620499351813308 82.0792300158816 -1.0 77.89736837660179 49.03060268852505 57.38466694161429 90.4267659490264 
36.49657518178932 32.14031735997639 32.01562118716424 10.198039027185569 48.91829923454004 84.75848040166836 10.63014581273465 77.89736837660179 -1.0 78.63841300535 21.93171219946131 42.485291572496 
85.44003745317531 83.93449827097318 47.042533945356304 69.05070600652827 65.76473218982953 38.05259518088089 87.66413177577246 49.03060268852505 78.63841300535 -1.0 68.15423684555495 65.30696746902278 
21.93171219946131 51.264022471905186 28.844410203711913 14.866068747318506 27.018512172212592 66.09841147864296 24.698178070456937 57.38466694161429 21.93171219946131 68.15423684555495 -1.0 54.147945482723536 
75.13321502504735 22.80350850198276 32.31098884280702 41.0 76.11832893594026 89.87213138676528 52.478567053607705 90.4267659490264 42.485291572496 65.30696746902278 54.147945482723536 -1.0 

-1.0 78.44743462982075 6.082762530298219 85.0 84.72307831990054 35.35533905932738 4.123105625617661 80.2122185206219 49.73932046178355 37.57658845611187 10.04987562112089 56.04462507680822 
78.44743462982075 -1.0 76.53103945458993 55.036351623268054 58.137767414994535 65.60487786742691 74.73285756613352 63.150613615387776 52.49761899362675 53.009433122794285 88.45903006477066 92.76313923105448 
6.082762530298219 76.53103945458993 -1.0 87.13208364316786 87.09190547921202 39.20459156782532 7.615773105863909 83.09632964216891 52.20153254455275 39.66106403010388 13.038404810405298 61.61168720299745 
85.0 55.036351623268054 87.13208364316786 -1.0 3.605551275463989 52.20153254455275 81.00617260431454 12.206555615733702 35.34119409414458 47.50789408087881 93.5200513259055 61.61168720299745 
84.72307831990054 58.137767414994535 87.09190547921202 3.605551275463989 -1.0 51.264022471905186 80.77747210701756 8.94427190999916 34.9857113690718 47.43416490252569 93.02150289046077 59.033888572581766 
35.35533905932738 65.60487786742691 39.20459156782532 52.20153254455275 51.264022471905186 -1.0 31.89043743820395 45.65084884205331 18.0 12.727922061357855 42.43819034784589 30.675723300355934 
4.123105625617661 74.73285756613352 7.615773105863909 81.00617260431454 80.77747210701756 31.89043743820395 -1.0 76.40026177965623 45.79301256742124 33.54101966249684 14.0 54.12947441089743 
80.2122185206219 63.150613615387776 83.09632964216891 12.206555615733702 8.94427190999916 45.65084884205331 76.40026177965623 -1.0 31.11269837220809 43.840620433565945 87.98295289429652 50.48762224545735 
49.73932046178355 52.49761899362675 52.20153254455275 35.34119409414458 34.9857113690718 18.0 45.79301256742124 31.11269837220809 -1.0 12.727922061357855 58.180752831155424 40.311288741492746 
37.57658845611187 53.009433122794285 39.66106403010388 47.50789408087881 47.43416490252569 12.727922061357855 33.54101966249684 43.840620433565945 12.727922061357855 -1.0 46.486557196677836 42.485291572496 
10.04987562112089 88.45903006477066 13.038404810405298 93.5200513259055 93.02150289046077 42.43819034784589 14.0 87.98295289429652 58.180752831155424 46.486557196677836 -1.0 58.60034129593445 
56.04462507680822 92.76313923105448 61.61168720299745 61.61168720299745 59.033888572581766 30.675723300355934 54.12947441089743 50.48762224545735 40.311288741492746 42.485291572496 58.60034129593445 -1.0 

-1.0 17.804493814764857 61.07372593840988 17.204650534085253 60.63827174318213 24.596747752497688 72.67048919609665 47.634021455258214 52.773099207835045 76.57675887630658 52.3450093132096 14.142135623730951 
17.804493814764857 -1.0 76.2954782408499 28.0178514522438 73.06161783043132 36.0 89.81091247727082 29.832867780352597 63.198101237299845 94.11163583744573 57.697486947006624 29.68164415931166 
61.07372593840988 76.2954782408499 -1.0 48.76474136094644 17.11724276862369 41.43669871020132 60.40695324215582 103.40696301506973 85.44588931013593 56.089214649520635 45.27692569068709 60.01666435249463 
17.204650534085253 28.0178514522438 48.76474136094644 -1.0 45.17742799230607 8.06225774829855 75.02666192761077 54.78138369920935 66.12866246946176 76.94153624668537 35.38361202590826 26.832815729997478 
60.63827174318213 73.06161783043132 17.11724276862369 45.17742799230607 -1.0 37.12142238654117 76.15773105863909 97.32420048477151 94.76286192385707 72.56031973468694 30.4138126514911 63.50590523722971 
24.596747752497688 36.0 41.43669871020132 8.06225774829855 37.12142238654117 -1.0 73.49829930005184 61.98386886924694 70.21395872616783 74.46475676452586 29.68164415931166 32.01562118716424 
72.67048919609665 89.81091247727082 60.40695324215582 75.02666192761077 76.15773105863909 73.49829930005184 -1.0 119.09659944767525 50.635955604688654 9.219544457292887 96.04686356149273 60.30754513325841 
47.634021455258214 29.832867780352597 103.40696301506973 54.78138369920935 97.32420048477151 61.98386886924694 119.09659944767525 -1.0 86.64871608973787 123.7457069962429 75.23961722390672 58.7962583843564 
52.773099207835045 63.198101237299845 85.44588931013593 66.12866246946176 94.76286192385707 70.21395872616783 50.635955604688654 86.64871608973787 -1.0 59.30430001273095 99.76472322419383 39.56008088970496 
76.57675887630658 94.11163583744573 56.089214649520635 76.94153624668537 72.56031973468694 74.46475676452586 9.219544457292887 123.7457069962429 59.30430001273095 -1.0 94.76286192385707 65.11528238439882 
52.3450093132096 57.697486947006624 45.27692569068709 35.38361202590826 30.4138126514911 29.68164415931166 96.04686356149273 75.23961722390672 99.76472322419383 94.76286192385707 -1.0 61.61168720299745 
14.142135623730951 29.68164415931166 60.01666435249463 26.832815729997478 63.50590523722971 32.01562118716424 60.30754513325841 58.7962583843564 39.56008088970496 65.11528238439882 61.61168720299745 -1.0 

-1.0 84.43340571124678 48.76474136094644 88.68483523128404 51.22499389946279 32.7566787083184 96.5090669315583 64.00781202322104 53.150729063673246 94.33981132056604 89.1852005660132 70.8590149522275 
84.43340571124678 -1.0 35.84689665786984 92.09777413162601 49.72926703662542 52.0 92.69843580125827 30.528675044947494 73.38937252763509 60.90155991434045 78.56844150166147 100.64790112068906 
48.76474136094644 35.84689665786984 -1.0 83.19254774317228 30.886890422961002 16.15549442140351 87.31551981177229 20.808652046684813 53.075418038862395 67.06713054842886 74.72616676907762 81.32035415564789 
88.68483523128404 92.09777413162601 83.19254774317228 -1.0 52.392747589718944 83.67795408588812 9.219544457292887 101.87246929372037 36.0 39.81205847478876 16.278820596099706 28.42534080710379 
51.22499389946279 49.72926703662542 30.886890422961002 52.392747589718944 -1.0 33.0 57.0087712549569 50.44799302251776 24.186773244895647 43.86342439892262 45.27692569068709 52.43090691567332 
32.7566787083184 52.0 16.15549442140351 83.67795408588812 33.0 -1.0 89.26925562588724 32.55764119219941 49.658836071740545 75.18643494673756 78.16009211867653 76.27581530209953 
96.5090669315583 92.69843580125827 87.31551981177229 9.219544457292887 57.0087712549569 89.26925562588724 -1.0 105.09519494249011 43.41658669218482 36.24913792078372 14.142135623730951 37.53664875824692 
64.00781202322104 30.528675044947494 20.808652046684813 101.87246929372037 50.44799302251776 32.55764119219941 105.09519494249011 -1.0 73.55270219373317 80.23091673413684 91.7877987534291 101.91172650877817 
53.150729063673246 73.38937252763509 53.075418038862395 36.0 24.186773244895647 49.658836071740545 43.41658669218482 73.55270219373317 -1.0 48.010415536631214 36.6742416417845 28.42534080710379 
94.33981132056604 60.90155991434045 67.06713054842886 39.81205847478876 43.86342439892262 75.18643494673756 36.24913792078372 80.23091673413684 48.010415536631214 -1.0 23.53720459187964 61.814237842102365 
89.1852005660132 78.56844150166147 74.72616676907762 16.278820596099706 45.27692569068709 78.16009211867653 14.142135623730951 91.7877987534291 36.6742416417845 23.53720459187964 -1.0 40.85339643163099 
70.8590149522275 100.64790112068906 81.32035415564789 28.42534080710379 52.43090691567332 76.27581530209953 37.53664875824692 101.91172650877817 28.42534080710379 61.814237842102365 40.85339643163099 -1.0 

-1.0 85.14693182963201 42.95346318982906 69.18092222571191 78.10889834071403 50.635955604688654 62.80127387243033 63.00793600809346 26.92582403567252 89.1403387922662 11.045361017187261 35.510561809129406 
85.14693182963201 -1.0 49.64876634922564 92.64987857520376 79.93122043357026 34.785054261852174 35.805027579936315 36.71511950137164 76.32168761236873 45.69463863518345 82.38931969618392 53.0 
42.95346318982906 49.64876634922564 -1.0 86.33075929238663 84.72307831990054 18.788294228055936 20.024984394500787 46.87216658103186 49.49747468305833 73.68174807915459 45.617978911828175 30.463092423455635 
69.18092222571191 92.64987857520376 86.33075929238663 -1.0 20.615528128088304 75.8023746329889 97.41663102366043 56.0357029044876 43.04648650006177 60.530983801686226 58.137767414994535 55.90169943749474 
78.10889834071403 79.93122043357026 84.72307831990054 20.615528128088304 -1.0 70.57619995437555 91.7877987534291 45.221676218380054 51.264022471905186 42.05948168962618 67.4166151627327 55.226805085936306 
50.635955604688654 34.785054261852174 18.788294228055936 75.8023746329889 70.57619995437555 -1.0 21.633307652783937 29.017236257093817 46.61544808322666 55.08175741568164 49.09175083453431 22.825424421026653 
62.80127387243033 35.805027579936315 20.024984394500787 97.41663102366043 91.7877987534291 21.633307652783937 -1.0 48.27007354458868 65.73431371817918 71.06335201775947 64.51356446515724 43.18564576337837 
63.00793600809346 36.71511950137164 46.87216658103186 56.0357029044876 45.221676218380054 29.017236257093817 48.27007354458868 -1.0 45.35416188179427 27.784887978899608 56.356011214421486 27.65863337187866 
26.92582403567252 76.32168761236873 49.49747468305833 43.04648650006177 51.264022471905186 46.61544808322666 65.73431371817918 45.35416188179427 -1.0 67.7421582177598 16.15549442140351 24.041630560342615 
89.1403387922662 45.69463863518345 73.68174807915459 60.530983801686226 42.05948168962618 55.08175741568164 71.06335201775947 27.784887978899608 67.7421582177598 -1.0 81.21576201698781 54.67174773134658 
11.045361017187261 82.38931969618392 45.617978911828175 58.137767414994535 67.4166151627327 49.09175083453431 64.51356446515724 56.356011214421486 16.15549442140351 81.21576201698781 -1.0 30.083217912982647 
35.510561809129406 53.0 30.463092423455635 55.90169943749474 55.226805085936306 22.825424421026653 43.18564576337837 27.65863337187866 24.041630560342615 54.67174773134658 30.083217912982647 -1.0 

-1.0 58.82176467941097 54.78138369920935 52.773099207835045 15.264337522473747 44.40720662234904 85.21150157109074 22.47220505424423 73.60027173862879 46.647615158762406 23.08679276123039 39.92492955535426 
58.82176467941097 -1.0 54.08326913195984 10.04987562112089 59.80802621722272 88.58893836140041 86.58521813797087 68.00735254367721 78.77182237323191 77.79460135510689 37.48332962798263 78.29431652425353 
54.78138369920935 54.08326913195984 -1.0 44.181444068749045 67.60177512462228 51.0 34.9857113690718 43.01162633521314 25.298221281347036 33.60059523282288 39.6232255123179 39.81205847478876 
52.773099207835045 10.04987562112089 44.181444068749045 -1.0 56.089214649520635 79.40403012442127 77.20103626247513 59.54829972383762 69.05070600652827 68.00735254367721 30.23243291566195 68.8839603971781 
15.264337522473747 59.80802621722272 67.60177512462228 56.089214649520635 -1.0 58.69412236331676 99.48869282486326 37.57658845611187 87.96590248499699 61.91122676865643 30.59411708155671 55.036351623268054 
44.40720662234904 88.58893836140041 51.0 79.40403012442127 58.69412236331676 -1.0 63.28506932918696 23.08679276123039 53.0 18.439088914585774 53.45091205957107 11.40175425099138 
85.21150157109074 86.58521813797087 34.9857113690718 77.20103626247513 99.48869282486326 63.28506932918696 -1.0 67.54257916307313 11.661903789690601 46.09772228646444 73.87827826905551 55.54277630799526 
22.47220505424423 68.00735254367721 43.01162633521314 59.54829972383762 37.57658845611187 23.08679276123039 67.54257916307313 -1.0 55.94640292279746 24.839484696748443 31.304951684997057 17.46424919657298 
73.60027173862879 78.77182237323191 25.298221281347036 69.05070600652827 87.96590248499699 53.0 11.661903789690601 55.94640292279746 -1.0 35.22782990761707 63.00793600809346 44.553338819890925 
46.647615158762406 77.79460135510689 33.60059523282288 68.00735254367721 61.91122676865643 18.439088914585774 46.09772228646444 24.839484696748443 35.22782990761707 -1.0 47.042533945356304 9.486832980505138 
23.08679276123039 37.48332962798263 39.6232255123179 30.23243291566195 30.59411708155671 53.45091205957107 73.87827826905551 31.304951684997057 63.00793600809346 47.042533945356304 -1.0 44.553338819890925 
39.92492955535426 78.29431652425353 39.81205847478876 68.8839603971781 55.036351623268054 11.40175425099138 55.54277630799526 17.46424919657298 44.553338819890925 9.486832980505138 44.553338819890925 -1.0 

-1.0 34.48187929913333 61.0 13.038404810405298 50.15974481593781 50.635955604688654 8.246211251235321 70.8801805866774 65.19202405202648 68.46897107449476 41.593268686170845 83.54639429682169 
34.48187929913333 -1.0 29.732137494637012 34.132096331752024 18.027756377319946 24.758836806279895 26.248809496813376 79.07591289387686 43.278170016764804 88.11923740024082 18.788294228055936 55.47071299343465 
61.0 29.732137494637012 -1.0 63.34824385884742 11.704699910719626 13.601470508735444 53.03772242470448 79.40403012442127 23.0 96.87620966986684 21.18962010041709 26.40075756488817 
13.038404810405298 34.132096331752024 63.34824385884742 -1.0 51.78802950489621 55.154328932550705 14.212670403551895 83.67795408588812 71.69379331573968 81.30190649671138 46.51881339845203 87.92041856133307 
50.15974481593781 18.027756377319946 11.704699910719626 51.78802950489621 -1.0 12.0 42.04759208325728 78.0 29.154759474226502 92.45539465060976 14.212670403551895 37.73592452822641 
50.635955604688654 24.758836806279895 13.601470508735444 55.154328932550705 12.0 -1.0 43.174066289845804 67.08203932499369 18.601075237738275 83.45058418010026 9.055385138137417 32.984845004941285 
8.246211251235321 26.248809496813376 53.03772242470448 14.212670403551895 42.04759208325728 43.174066289845804 -1.0 71.02112361825881 58.60034129593445 71.80529228406496 34.20526275297414 76.15773105863909 
70.8801805866774 79.07591289387686 79.40403012442127 83.67795408588812 78.0 67.08203932499369 71.02112361825881 -1.0 60.876925020897694 28.0 64.51356446515724 80.91971329657564 
65.19202405202648 43.278170016764804 23.0 71.69379331573968 29.154759474226502 18.601075237738275 58.60034129593445 60.876925020897694 -1.0 82.37718130647589 25.612496949731394 22.135943621178654 
68.46897107449476 88.11923740024082 96.87620966986684 81.30190649671138 92.45539465060976 83.45058418010026 71.80529228406496 28.0 82.37718130647589 -1.0 78.24321056807422 103.94229168149026 
41.593268686170845 18.788294228055936 21.18962010041709 46.51881339845203 14.212670403551895 9.055385138137417 34.20526275297414 64.51356446515724 25.612496949731394 78.24321056807422 -1.0 41.97618372363071 
83.54639429682169 55.47071299343465 26.40075756488817 87.92041856133307 37.73592452822641 32.984845004941285 76.15773105863909 80.91971329657564 22.135943621178654 103.94229168149026 41.97618372363071 -1.0 

-1.0 17.26267650163207 51.62363799656123 69.72087205421343 85.14693182963201 36.40054944640259 42.579337712087536 56.859475903318 32.449961479175904 39.824615503479755 28.0178514522438 76.48529270389177 
17.26267650163207 -1.0 66.40030120413611 72.3394774656273 86.02325267042627 46.61544808322666 46.09772228646444 55.326304774492215 30.01666203960727 55.569775957799216 45.17742799230607 68.96375859826666 
51.62363799656123 66.40030120413611 -1.0 56.0357029044876 71.7007670809734 26.076809620810597 43.289721643826724 60.876925020897694 54.91812087098393 13.0 36.87817782917155 89.26925562588724 
69.72087205421343 72.3394774656273 56.0357029044876 -1.0 16.64331697709324 39.44616584663204 27.16615541441225 21.400934559032695 42.7551166528639 60.14149981501958 77.89736837660179 42.720018726587654 
85.14693182963201 86.02325267042627 71.7007670809734 16.64331697709324 -1.0 56.08029957123981 42.720018726587654 31.25699921617557 56.00892785976178 76.57675887630658 94.51454914456292 41.23105625617661 
36.40054944640259 46.61544808322666 26.076809620810597 39.44616584663204 56.08029957123981 -1.0 18.384776310850235 37.12142238654117 29.120439557122072 23.259406699226016 38.47076812334269 64.8459713474939 
42.579337712087536 46.09772228646444 43.289721643826724 27.16615541441225 42.720018726587654 18.384776310850235 -1.0 18.867962264113206 18.601075237738275 41.6293165929973 53.907327887774215 46.486557196677836 
56.859475903318 55.326304774492215 60.876925020897694 21.400934559032695 31.25699921617557 37.12142238654117 18.867962264113206 -1.0 25.495097567963924 60.37383539249432 72.12489168102785 28.442925306655784 
32.449961479175904 30.01666203960727 54.91812087098393 42.7551166528639 56.00892785976178 29.120439557122072 18.601075237738275 25.495097567963924 -1.0 49.040799340956916 52.839379254491625 44.598206241955516 
39.824615503479755 55.569775957799216 13.0 60.14149981501958 76.57675887630658 23.259406699226016 41.6293165929973 60.37383539249432 49.040799340956916 -1.0 24.186773244895647 88.02272433866155 
28.0178514522438 45.17742799230607 36.87817782917155 77.89736837660179 94.51454914456292 38.47076812334269 53.907327887774215 72.12489168102785 52.839379254491625 24.186773244895647 -1.0 96.83491106000976 
76.48529270389177 68.96375859826666 89.26925562588724 42.720018726587654 41.23105625617661 64.8459713474939 46.486557196677836 28.442925306655784 44.598206241955516 88.02272433866155 96.83491106000976 -1.0 

-1.0 31.304951684997057 49.72926703662542 38.948684188300895 28.160255680657446 13.038404810405298 42.37924020083418 64.35060217278468 19.72308292331602 63.41135544995076 69.1158447825099 72.12489168102785 
31.304951684997057 -1.0 37.16180835212409 15.132745950421556 23.853720883753127 29.017236257093817 49.39635614091387 40.607881008493905 38.118237105091836 33.301651610693426 45.70557952810576 55.44366510251645 
49.72926703662542 37.16180835212409 -1.0 23.021728866442675 21.587033144922902 37.69615364994153 28.160255680657446 22.80350850198276 38.600518131237564 38.07886552931954 25.495097567963924 22.47220505424423 
38.948684188300895 15.132745950421556 23.021728866442675 -1.0 18.110770276274835 31.38470965295043 41.48493702538308 26.570660511172846 37.94733192202055 26.0 31.622776601683793 40.311288741492746 
28.160255680657446 23.853720883753127 21.587033144922902 18.110770276274835 -1.0 16.64331697709324 25.553864678361276 38.18376618407357 20.591260281974 43.68065933568311 42.5205832509386 43.965895873961216 
13.038404810405298 29.017236257093817 37.69615364994153 31.38470965295043 16.64331697709324 -1.0 29.966648127543394 54.56189146281496 9.848857801796104 57.245087125446844 59.033888572581766 60.166435825965294 
42.37924020083418 49.39635614091387 28.160255680657446 41.48493702538308 25.553864678361276 29.966648127543394 -1.0 50.96076922496363 23.345235059857504 64.00781202322104 53.48831648126533 45.45327270945405 
64.35060217278468 40.607881008493905 22.80350850198276 26.570660511172846 38.18376618407357 54.56189146281496 50.96076922496363 -1.0 58.25804665451803 21.213203435596427 5.0990195135927845 20.518284528683193 
19.72308292331602 38.118237105091836 38.600518131237564 37.94733192202055 20.591260281974 9.848857801796104 23.345235059857504 58.25804665451803 -1.0 63.90618123468183 62.289646009589745 60.53924347066124 
63.41135544995076 33.301651610693426 38.07886552931954 26.0 43.68065933568311 57.245087125446844 64.00781202322104 21.213203435596427 63.90618123468183 -1.0 24.413111231467404 41.72529209005013 
69.1158447825099 45.70557952810576 25.495097567963924 31.622776601683793 42.5205832509386 59.033888572581766 53.48831648126533 5.0990195135927845 62.289646009589745 24.413111231467404 -1.0 18.027756377319946 
72.12489168102785 55.44366510251645 22.47220505424423 40.311288741492746 43.965895873961216 60.166435825965294 45.45327270945405 20.518284528683193 60.53924347066124 41.72529209005013 18.027756377319946 -1.0 

-1.0 72.94518489934754 53.16013544000805 21.02379604162864 28.861739379323623 66.75327707311455 114.47707194019246 13.416407864998739 11.180339887498949 57.0087712549569 71.17583859709698 65.30696746902278 
72.94518489934754 -1.0 51.54609587543949 64.53681120105021 45.60701700396552 45.044422518220834 44.654227123532216 59.53990258641679 64.07807737440318 36.6742416417845 69.1158447825099 48.0 
53.16013544000805 51.54609587543949 -1.0 33.1058907144937 45.880278987817846 79.51100552753688 76.92203845452875 45.09988913511872 42.20189569201838 66.84309986827361 22.360679774997898 80.60397012554654 
21.02379604162864 64.53681120105021 33.1058907144937 -1.0 30.4138126514911 72.01388754955533 101.71037311896953 18.601075237738275 11.704699910719626 60.166435825965294 50.15974481593781 71.58910531638176 
28.861739379323623 45.60701700396552 45.880278987817846 30.4138126514911 -1.0 41.6293165929973 89.1403387922662 16.0312195418814 23.194827009486403 30.083217912982647 68.00735254367721 41.182520563948 
66.75327707311455 45.044422518220834 79.51100552753688 72.01388754955533 41.6293165929973 -1.0 85.16454661418682 56.32051136131489 64.19501538281614 12.727922061357855 101.40019723846694 3.605551275463989 
114.47707194019246 44.654227123532216 76.92203845452875 101.71037311896953 89.1403387922662 85.16454661418682 -1.0 101.41498903022176 104.4030650891055 79.7057087039567 84.00595217006948 88.60022573334675 
13.416407864998739 59.53990258641679 45.09988913511872 18.601075237738275 16.0312195418814 56.32051136131489 101.41498903022176 -1.0 8.06225774829855 45.5411901469428 65.37583651472461 55.362442142665635 
11.180339887498949 64.07807737440318 42.20189569201838 11.704699910719626 23.194827009486403 64.19501538281614 104.4030650891055 8.06225774829855 -1.0 53.150729063673246 61.0 63.324560795950255 
57.0087712549569 36.6742416417845 66.84309986827361 60.166435825965294 30.083217912982647 12.727922061357855 79.7057087039567 45.5411901469428 53.150729063673246 -1.0 88.81441324469807 13.892443989449804 
71.17583859709698 69.1158447825099 22.360679774997898 50.15974481593781 68.00735254367721 101.40019723846694 84.00595217006948 65.37583651472461 61.0 88.81441324469807 -1.0 102.6498904042279 
65.30696746902278 48.0 80.60397012554654 71.58910531638176 41.182520563948 3.605551275463989 88.60022573334675 55.362442142665635 63.324560795950255 13.892443989449804 102.6498904042279 -1.0 

-1.0 26.419689627245813 55.46169849544819 28.861739379323623 20.591260281974 35.84689665786984 53.75872022286245 38.897300677553446 50.24937810560445 18.439088914585774 18.681541692269406 34.713109915419565 
26.419689627245813 -1.0 73.824115301167 44.01136216933077 33.61547262794322 44.77722635447622 28.844410203711913 52.88667128870941 49.040799340956916 44.384682042344295 41.773197148410844 36.61966684720111 
55.46169849544819 73.824115301167 -1.0 77.15568676384133 73.23933369440222 32.7566787083184 89.94442728707543 22.20360331117452 104.5609869884557 42.5205832509386 37.21558813185679 44.14748010928823 
28.861739379323623 44.01136216933077 77.15568676384133 -1.0 10.44030650891055 64.07807737440318 72.44998274671983 65.19202405202648 30.59411708155671 34.655446902326915 41.400483088968905 63.56099432828282 
20.591260281974 33.61547262794322 73.23933369440222 10.44030650891055 -1.0 56.43580423808985 62.177166226839255 58.89821729050889 31.38470965295043 31.304951684997057 36.235341863986875 54.70831746635972 
35.84689665786984 44.77722635447622 32.7566787083184 64.07807737440318 56.43580423808985 -1.0 57.3149195236284 10.770329614269007 85.14693182963201 35.0 26.0 11.40175425099138 
