12
100
-1.0 38.8329756778952 31.25699921617557 36.89173349139343 12.649110640673518 77.69813382572325 51.86520991955976 66.06814663663572 27.202941017470888 68.62215385719105 75.71657678474378 38.41874542459709 
38.8329756778952 -1.0 41.048751503547585 70.03570517957252 46.51881339845203 74.06078584514209 87.46427842267951 59.135437767890075 49.39635614091387 94.49338601193207 106.96261028976434 69.85699678629192 
31.25699921617557 41.048751503547585 -1.0 36.68787265568828 43.73785545725808 103.81714694596457 54.817880294662984 90.37698822156003 13.0 99.45853407325085 104.65180361560904 34.713109915419565 
36.89173349139343 70.03570517957252 36.68787265568828 -1.0 41.86884283091664 112.16059914247963 18.24828759089466 101.83319694480774 23.769728648009426 85.47514258543241 83.72574275573791 4.123105625617661 
12.649110640673518 46.51881339845203 43.73785545725808 41.86884283091664 -1.0 70.2922470831599 53.53503525729669 60.30754513325841 38.2099463490856 55.97320787662612 63.60031446463138 44.40720662234904 
77.69813382572325 74.06078584514209 103.81714694596457 112.16059914247963 70.2922470831599 -1.0 122.42957159118053 15.033296378372908 104.23531071570709 63.00793600809346 83.05419917138447 114.63420083029322 
51.86520991955976 87.46427842267951 54.817880294662984 18.24828759089466 53.53503525729669 122.42957159118053 -1.0 113.6001760562016 41.97618372363071 86.33075929238663 80.30566605165541 20.248456731316587 
66.06814663663572 59.135437767890075 90.37698822156003 101.83319694480774 60.30754513325841 15.033296378372908 113.6001760562016 -1.0 91.80958555619343 65.5133574166368 84.8528137423857 103.96634070698074 
27.202941017470888 49.39635614091387 13.0 23.769728648009426 38.2099463490856 104.23531071570709 41.97618372363071 91.80958555619343 -1.0 92.07062506576133 95.2732911156112 22.090722034374522 
68.62215385719105 94.49338601193207 99.45853407325085 85.47514258543241 55.97320787662612 63.00793600809346 86.33075929238663 65.5133574166368 92.07062506576133 -1.0 20.09975124224178 89.35882720806042 
75.71657678474378 106.96261028976434 104.65180361560904 83.72574275573791 63.60031446463138 83.05419917138447 80.30566605165541 84.8528137423857 95.2732911156112 20.09975124224178 -1.0 87.82368700982668 
38.41874542459709 69.85699678629192 34.713109915419565 4.123105625617661 44.40720662234904 114.63420083029322 20.248456731316587 103.96634070698074 22.090722034374522 89.35882720806042 87.82368700982668 -1.0 

-1.0 50.20956084253277 41.036569057366385 16.1245154965971 47.265209192385896 48.104053883222775 58.309518948453004 51.97114584074513 70.00714249274856 50.80354318352215 42.95346318982906 39.45883931389772 
50.20956084253277 -1.0 91.21951545584969 38.948684188300895 91.67878707749138 69.0 22.20360331117452 61.66036003787198 85.98837130682264 76.23647421018367 82.21921916437786 85.0881895447306 
41.036569057366385 91.21951545584969 -1.0 54.91812087098393 28.600699292150182 65.19202405202648 97.09788875150684 73.10950690573696 79.55501241279521 59.033888572581766 41.43669871020132 23.769728648009426 
16.1245154965971 38.948684188300895 54.91812087098393 -1.0 63.387695966961914 39.824615503479755 52.3450093132096 60.108235708594876 81.02468759581859 63.50590523722971 44.553338819890925 55.57877292636101 
47.265209192385896 91.67878707749138 28.600699292150182 63.387695966961914 -1.0 86.64871608973787 90.78546139112804 54.230987451824994 54.08326913195984 35.510561809129406 67.11929677819934 8.06225774829855 
48.104053883222775 69.0 65.19202405202648 39.824615503479755 86.64871608973787 -1.0 87.96590248499699 99.02019995940222 118.10588469674151 98.71676655968832 27.51363298439521 78.77182237323191 
58.309518948453004 22.20360331117452 97.09788875150684 52.3450093132096 90.78546139112804 87.96590248499699 -1.0 48.83646178829912 72.17340230306452 67.4166151627327 96.87620966986684 85.56284240252891 
51.97114584074513 61.66036003787198 73.10950690573696 60.108235708594876 54.230987451824994 99.02019995940222 48.83646178829912 -1.0 24.331050121192877 21.213203435596427 93.77632963600144 52.630789467763066 
70.00714249274856 85.98837130682264 79.55501241279521 81.02468759581859 54.08326913195984 118.10588469674151 72.17340230306452 24.331050121192877 -1.0 21.02379604162864 108.45275469069469 56.089214649520635 
50.80354318352215 76.23647421018367 59.033888572581766 63.50590523722971 35.510561809129406 98.71676655968832 67.4166151627327 21.213203435596427 21.02379604162864 -1.0 87.65842800324451 36.05551275463989 
42.95346318982906 82.21921916437786 41.43669871020132 44.553338819890925 67.11929677819934 27.51363298439521 96.87620966986684 93.77632963600144 108.45275469069469 87.65842800324451 -1.0 60.0 
39.45883931389772 85.0881895447306 23.769728648009426 55.57877292636101 8.06225774829855 78.77182237323191 85.56284240252891 52.630789467763066 56.089214649520635 36.05551275463989 60.0 -1.0 

-1.0 76.94153624668537 63.324560795950255 9.486832980505138 93.43446901438462 85.28774824088158 34.20526275297414 78.5175139698144 87.72684879784524 52.81098370604357 75.45197147855052 11.661903789690601 
76.94153624668537 -1.0 70.83784299369935 68.65857557508748 58.463663928973865 21.02379604162864 49.8196748283246 46.09772228646444 24.331050121192877 70.178344238091 34.0147027033899 66.27216610312357 
63.324560795950255 70.83784299369935 -1.0 63.56099432828282 41.23105625617661 90.55385138137417 38.2099463490856 34.36568055487916 61.465437442517235 10.816653826391969 42.15447781671598 54.57105459856901 
9.486832980505138 68.65857557508748 63.56099432828282 -1.0 90.0 76.10519036176179 30.0 74.51845409024533 81.00617260431454 53.600373133029585 70.178344238091 9.055385138137417 
93.43446901438462 58.463663928973865 41.23105625617661 90.0 -1.0 79.12016177940993 60.0 16.15549442140351 37.12142238654117 49.76946855251722 26.019223662515376 82.3286098510111 
85.28774824088158 21.02379604162864 90.55385138137417 76.10519036176179 79.12016177940993 -1.0 64.40496875241847 67.11929677819934 43.289721643826724 88.72992730753249 55.036351623268054 76.11832893594026 
34.20526275297414 49.8196748283246 38.2099463490856 30.0 60.0 64.40496875241847 -1.0 44.598206241955516 55.08175741568164 30.675723300355934 41.340053217188775 22.67156809750927 
78.5175139698144 46.09772228646444 34.36568055487916 74.51845409024533 16.15549442140351 67.11929677819934 44.598206241955516 -1.0 29.206163733020468 40.19950248448356 12.083045973594572 67.17886572427373 
87.72684879784524 24.331050121192877 61.465437442517235 81.00617260431454 37.12142238654117 43.289721643826724 55.08175741568164 29.206163733020468 -1.0 64.53681120105021 19.313207915827967 76.15773105863909 
52.81098370604357 70.178344238091 10.816653826391969 53.600373133029585 49.76946855251722 88.72992730753249 30.675723300355934 40.19950248448356 64.53681120105021 -1.0 45.5411901469428 44.553338819890925 
75.45197147855052 34.0147027033899 42.15447781671598 70.178344238091 26.019223662515376 55.036351623268054 41.340053217188775 12.083045973594572 19.313207915827967 45.5411901469428 -1.0 63.8200595424354 
11.661903789690601 66.27216610312357 54.57105459856901 9.055385138137417 82.3286098510111 76.11832893594026 22.67156809750927 67.17886572427373 76.15773105863909 44.553338819890925 63.8200595424354 -1.0 

-1.0 26.92582403567252 17.11724276862369 71.17583859709698 42.04759208325728 18.384776310850235 61.587336360651285 51.03920062069938 35.05709628591621 32.64965543462902 13.601470508735444 26.40075756488817 
26.92582403567252 -1.0 43.68065933568311 98.08669634563088 63.50590523722971 44.41846462902562 80.36168241145776 76.94153624668537 52.478567053607705 54.230987451824994 13.416407864998739 21.02379604162864 
17.11724276862369 43.68065933568311 -1.0 55.072679252057455 29.0 11.704699910719626 49.49747468305833 34.0 36.24913792078372 20.808652046684813 30.59411708155671 41.97618372363071 
71.17583859709698 98.08669634563088 55.072679252057455 -1.0 54.20332093147061 54.405882034941776 63.34824385884742 30.4138126514911 63.28506932918696 56.85068161420758 84.69356528095862 90.80198235721508 
42.04759208325728 63.50590523722971 29.0 54.20332093147061 -1.0 39.824615503479755 20.518284528683193 23.853720883753127 64.07027391856539 9.486832980505138 52.88667128870941 68.4470598345904 
18.384776310850235 44.41846462902562 11.704699910719626 54.405882034941776 39.824615503479755 -1.0 60.30754513325841 39.56008088970496 24.596747752497688 32.2490309931942 31.064449134018133 37.05401462729781 
61.587336360651285 80.36168241145776 49.49747468305833 63.34824385884742 20.518284528683193 60.30754513325841 -1.0 35.014282800023196 84.40379138403677 29.206163733020468 71.17583859709698 87.8179936004006 
51.03920062069938 76.94153624668537 34.0 30.4138126514911 23.853720883753127 39.56008088970496 35.014282800023196 -1.0 59.07622195096772 27.80287754891569 64.28063471995279 75.53806987208503 
35.05709628591621 52.478567053607705 36.24913792078372 63.28506932918696 64.07027391856539 24.596747752497688 84.40379138403677 59.07622195096772 -1.0 56.824290580701486 41.78516483155236 35.38361202590826 
32.64965543462902 54.230987451824994 20.808652046684813 56.85068161420758 9.486832980505138 32.2490309931942 29.206163733020468 27.80287754891569 56.824290580701486 -1.0 43.41658669218482 59.033888572581766 
13.601470508735444 13.416407864998739 30.59411708155671 84.69356528095862 52.88667128870941 31.064449134018133 71.17583859709698 64.28063471995279 41.78516483155236 43.41658669218482 -1.0 18.601075237738275 
26.40075756488817 21.02379604162864 41.97618372363071 90.80198235721508 68.4470598345904 37.05401462729781 87.8179936004006 75.53806987208503 35.38361202590826 59.033888572581766 18.601075237738275 -1.0 

-1.0 86.00581375697809 55.90169943749474 74.96665925596525 87.72684879784524 32.2490309931942 18.027756377319946 25.612496949731394 32.7566787083184 78.00640999302557 73.60027173862879 87.69264507357501 
86.00581375697809 -1.0 32.28002478313795 61.91122676865643 64.8459713474939 88.3911760301898 71.84705978674423 72.53275122315436 84.86459803710851 52.32590180780452 52.478567053607705 12.041594578792296 
55.90169943749474 32.28002478313795 -1.0 62.00806399170998 70.57619995437555 66.06814663663572 44.721359549995796 40.26164427839479 52.80151512977634 56.568542494923804 54.147945482723536 38.27531841800928 
74.96665925596525 61.91122676865643 62.00806399170998 -1.0 12.806248474865697 53.85164807134504 57.3149195236284 81.41252974819048 96.25487000666512 10.816653826391969 9.433981132056603 52.630789467763066 
87.72684879784524 64.8459713474939 70.57619995437555 12.806248474865697 -1.0 66.2117814289874 70.00714249274856 93.29523031752481 108.2266141020775 14.035668847618199 16.76305461424021 54.12947441089743 
32.2490309931942 88.3911760301898 66.06814663663572 53.85164807134504 66.2117814289874 -1.0 24.596747752497688 53.36665625650534 64.07027391856539 60.63827174318213 56.293871780150276 85.61541917201598 
18.027756377319946 71.84705978674423 44.721359549995796 57.3149195236284 70.00714249274856 24.596747752497688 -1.0 30.01666203960727 42.7551166528639 60.0 55.60575509783138 72.00694410957877 
25.612496949731394 72.53275122315436 40.26164427839479 81.41252974819048 93.29523031752481 53.36665625650534 30.01666203960727 -1.0 15.0 81.02468759581859 77.10382610480494 77.47257579298626 
32.7566787083184 84.86459803710851 52.80151512977634 96.25487000666512 108.2266141020775 64.07027391856539 42.7551166528639 15.0 -1.0 96.02083107326243 92.0869154657707 90.82400563727631 
78.00640999302557 52.32590180780452 56.568542494923804 10.816653826391969 14.035668847618199 60.63827174318213 60.0 81.02468759581859 96.02083107326243 -1.0 4.47213595499958 42.43819034784589 
73.60027173862879 52.478567053607705 54.147945482723536 9.433981132056603 16.76305461424021 56.293871780150276 55.60575509783138 77.10382610480494 92.0869154657707 4.47213595499958 -1.0 43.278170016764804 
87.69264507357501 12.041594578792296 38.27531841800928 52.630789467763066 54.12947441089743 85.61541917201598 72.00694410957877 77.47257579298626 90.82400563727631 42.43819034784589 43.278170016764804 -1.0 

-1.0 94.847245611035 79.02531240052139 68.41052550594829 65.12296062065974 19.4164878389476 76.53757247260981 41.012193308819754 24.515301344262525 69.3757882838098 29.274562336608895 87.86353054595519 
94.847245611035 -1.0 62.64982043070834 82.09750300709517 66.007575322837 106.04244433244644 47.853944456021594 53.907327887774215 82.92767933567175 52.08646657242167 81.85963596303125 12.165525060596439 
79.02531240052139 62.64982043070834 -1.0 23.853720883753127 97.94896630388705 77.88452991448301 90.4267659490264 56.824290580701486 55.44366510251645 89.1403387922662 87.28115489611719 67.35725647619564 
68.41052550594829 82.09750300709517 23.853720883753127 -1.0 103.60019305001319 62.00806399170998 100.64790112068906 59.81638571495272 43.965895873961216 97.6165969494942 84.31488599292535 84.38009243891595 
65.12296062065974 66.007575322837 97.94896630388705 103.60019305001319 -1.0 84.0 20.615528128088304 43.829214001622255 72.80109889280519 14.142135623730951 36.87817782917155 54.00925846556311 
19.4164878389476 106.04244433244644 77.88452991448301 62.00806399170998 84.0 -1.0 93.94147114027967 54.120236510939236 24.413111231467404 87.13208364316786 48.662100242385755 100.70253224224304 
76.53757247260981 47.853944456021594 90.4267659490264 100.64790112068906 20.615528128088304 93.94147114027967 -1.0 44.40720662234904 78.00640999302557 7.810249675906654 51.62363799656123 35.6931365951495 
41.012193308819754 53.907327887774215 56.824290580701486 59.81638571495272 43.829214001622255 54.120236510939236 44.40720662234904 -1.0 34.36568055487916 39.56008088970496 33.0 47.01063709417264 
24.515301344262525 82.92767933567175 55.44366510251645 43.965895873961216 72.80109889280519 24.413111231467404 78.00640999302557 34.36568055487916 -1.0 72.24956747275377 44.04543109109048 78.7210264160726 
69.3757882838098 52.08646657242167 89.1403387922662 97.6165969494942 14.142135623730951 87.13208364316786 7.810249675906654 39.56008088970496 72.24956747275377 -1.0 43.9089968002003 40.01249804748511 
29.274562336608895 81.85963596303125 87.28115489611719 84.31488599292535 36.87817782917155 48.662100242385755 51.62363799656123 33.0 44.04543109109048 43.9089968002003 -1.0 72.20110802473879 
87.86353054595519 12.165525060596439 67.35725647619564 84.38009243891595 54.00925846556311 100.70253224224304 35.6931365951495 47.01063709417264 78.7210264160726 40.01249804748511 72.20110802473879 -1.0 

-1.0 14.142135623730951 59.07622195096772 35.77708763999664 68.81860213634101 68.81860213634101 108.90362712049586 41.30375285612676 91.21951545584969 45.60701700396552 57.271284253105414 90.44335243676011 
14.142135623730951 -1.0 54.42425929675111 34.058772731852805 63.56099432828282 63.56099432828282 100.89598604503551 43.93176527297759 83.40863264674707 37.20215047547655 46.04345773288535 80.72174428244226 
59.07622195096772 54.42425929675111 -1.0 24.041630560342615 9.899494936611665 9.899494936611665 52.478567053607705 29.120439557122072 35.34119409414458 21.213203435596427 31.400636936215164 41.10960958218893 
35.77708763999664 34.058772731852805 24.041630560342615 -1.0 33.94112549695428 33.94112549695428 76.02631123499285 14.212670403551895 58.52349955359813 20.396078054371138 36.87817782917155 61.35144660071187 
68.81860213634101 63.56099432828282 9.899494936611665 33.94112549695428 -1.0 0.0 42.941821107167776 38.07886552931954 26.248809496813376 28.284271247461902 34.17601498127012 34.23448553724738 
68.81860213634101 63.56099432828282 9.899494936611665 33.94112549695428 0.0 -1.0 42.941821107167776 38.07886552931954 26.248809496813376 28.284271247461902 34.17601498127012 34.23448553724738 
108.90362712049586 100.89598604503551 52.478567053607705 76.02631123499285 42.941821107167776 42.941821107167776 -1.0 80.95677859203639 17.69180601295413 63.7808748764079 58.137767414994535 24.331050121192877 
41.30375285612676 43.93176527297759 29.120439557122072 14.212670403551895 38.07886552931954 38.07886552931954 80.95677859203639 -1.0 64.25729530566937 33.61547262794322 49.9799959983992 69.87131027825369 
91.21951545584969 83.40863264674707 35.34119409414458 58.52349955359813 26.248809496813376 26.248809496813376 17.69180601295413 64.25729530566937 -1.0 46.22769732530488 42.05948168962618 15.0 
45.60701700396552 37.20215047547655 21.213203435596427 20.396078054371138 28.284271247461902 28.284271247461902 63.7808748764079 33.61547262794322 46.22769732530488 -1.0 16.492422502470642 44.94441010848846 
57.271284253105414 46.04345773288535 31.400636936215164 36.87817782917155 34.17601498127012 34.17601498127012 58.137767414994535 49.9799959983992 42.05948168962618 16.492422502470642 -1.0 35.608987629529715 
90.44335243676011 80.72174428244226 41.10960958218893 61.35144660071187 34.23448553724738 34.23448553724738 24.331050121192877 69.87131027825369 15.0 44.94441010848846 35.608987629529715 -1.0 

-1.0 20.808652046684813 59.53990258641679 35.608987629529715 63.34824385884742 71.16881339463234 21.213203435596427 55.78530272392541 31.304951684997057 33.52610922848042 43.86342439892262 7.0710678118654755 
20.808652046684813 -1.0 47.853944456021594 46.09772228646444 58.309518948453004 67.67569726275453 39.05124837953327 71.02816342831905 16.278820596099706 21.18962010041709 23.430749027719962 27.294688127912362 
59.53990258641679 47.853944456021594 -1.0 51.62363799656123 21.213203435596427 30.364452901377952 63.06346010171025 76.60939890117922 31.575306807693888 27.073972741361768 37.64306044943742 61.84658438426491 
35.608987629529715 46.09772228646444 51.62363799656123 -1.0 42.720018726587654 46.52956049652737 20.248456731316587 27.202941017470888 42.42640687119285 39.293765408777 60.530983801686226 31.144823004794873 
63.34824385884742 58.309518948453004 21.213203435596427 42.720018726587654 -1.0 10.0 59.53990258641679 63.12685640834652 43.41658669218482 37.8021163428716 55.21775076911409 63.28506932918696 
71.16881339463234 67.67569726275453 30.364452901377952 46.52956049652737 10.0 -1.0 65.0 63.28506932918696 53.150729063673246 47.50789408087881 65.21502894272147 70.40596565632774 
21.213203435596427 39.05124837953327 63.06346010171025 20.248456731316587 59.53990258641679 65.0 -1.0 34.785054261852174 43.01162633521314 42.44997055358225 59.481089431852205 14.560219778561036 
55.78530272392541 71.02816342831905 76.60939890117922 27.202941017470888 63.12685640834652 63.28506932918696 34.785054261852174 -1.0 69.42621983083913 66.48308055437865 87.47571091451616 49.33558553417604 
31.304951684997057 16.278820596099706 31.575306807693888 42.42640687119285 43.41658669218482 53.150729063673246 43.01162633521314 69.42621983083913 -1.0 5.656854249492381 18.110770276274835 35.805027579936315 
33.52610922848042 21.18962010041709 27.073972741361768 39.293765408777 37.8021163428716 47.50789408087881 42.44997055358225 66.48308055437865 5.656854249492381 -1.0 22.090722034374522 37.12142238654117 
43.86342439892262 23.430749027719962 37.64306044943742 60.530983801686226 55.21775076911409 65.21502894272147 59.481089431852205 87.47571091451616 18.110770276274835 22.090722034374522 -1.0 49.8196748283246 
7.0710678118654755 27.294688127912362 61.84658438426491 31.144823004794873 63.28506932918696 70.40596565632774 14.560219778561036 49.33558553417604 35.805027579936315 37.12142238654117 49.8196748283246 -1.0 

-1.0 59.135437767890075 81.09870529176159 44.64302857109943 99.04544411531506 112.29425630903836 86.2670273047588 72.44998274671983 84.38009243891595 93.02150289046077 91.92388155425118 4.242640687119285 
59.135437767890075 -1.0 22.0 17.88854381999832 57.38466694161429 72.61542535852834 67.7421582177598 72.47068372797375 94.87360012142472 80.8084154033477 40.45985664828782 62.00806399170998 
81.09870529176159 22.0 -1.0 38.8329756778952 53.0 67.26812023536856 74.24957912338628 85.0411665018772 108.30050784737807 88.10221336606703 31.25699921617557 84.00595217006948 
44.64302857109943 17.88854381999832 38.8329756778952 -1.0 58.89821729050889 73.60027173862879 59.30430001273095 58.82176467941097 80.05623023850174 71.00704190430693 47.885279575251516 46.87216658103186 
99.04544411531506 57.38466694161429 53.0 58.89821729050889 -1.0 15.231546211727817 34.92849839314596 57.0701322935211 77.83315488916018 46.87216658103186 22.360679774997898 99.85990186255943 
112.29425630903836 72.61542535852834 67.26812023536856 73.60027173862879 15.231546211727817 -1.0 38.0 62.07253821135398 80.06247560499239 46.57252408878007 36.05551275463989 112.8007092176286 
86.2670273047588 67.7421582177598 74.24957912338628 59.30430001273095 34.92849839314596 38.0 -1.0 24.186773244895647 43.01162633521314 13.892443989449804 50.91168824543142 85.60373823613078 
72.44998274671983 72.47068372797375 85.0411665018772 58.82176467941097 57.0701322935211 62.07253821135398 24.186773244895647 -1.0 23.345235059857504 22.67156809750927 68.47627326307996 70.77428911688199 
84.38009243891595 94.87360012142472 108.30050784737807 80.05623023850174 77.83315488916018 80.06247560499239 43.01162633521314 23.345235059857504 -1.0 34.0147027033899 91.26883367283708 81.74350127074322 
93.02150289046077 80.8084154033477 88.10221336606703 71.00704190430693 46.87216658103186 46.57252408878007 13.892443989449804 22.67156809750927 34.0147027033899 -1.0 64.4437739428721 91.7877987534291 
91.92388155425118 40.45985664828782 31.25699921617557 47.885279575251516 22.360679774997898 36.05551275463989 50.91168824543142 68.47627326307996 91.26883367283708 64.4437739428721 -1.0 93.637599285757 
4.242640687119285 62.00806399170998 84.00595217006948 46.87216658103186 99.85990186255943 112.8007092176286 85.60373823613078 70.77428911688199 81.74350127074322 91.7877987534291 93.637599285757 -1.0 

-1.0 62.609903369994115 17.26267650163207 77.3692445355388 21.93171219946131 29.68164415931166 33.94112549695428 23.08679276123039 50.60632371551998 84.21995013059554 34.058772731852805 48.76474136094644 
62.609903369994115 -1.0 77.1621668954417 59.81638571495272 51.62363799656123 72.06247289678588 80.09993757800315 48.79549159502341 12.36931687685298 29.614185789921695 58.309518948453004 13.92838827718412 
17.26267650163207 77.1621668954417 -1.0 80.49844718999243 38.897300677553446 22.02271554554524 22.135943621178654 40.26164427839479 64.8459713474939 95.69221493935649 49.73932046178355 63.245553203367585 
77.3692445355388 59.81638571495272 80.49844718999243 -1.0 84.00595217006948 61.032778078668514 66.70832032063167 82.05485969764375 55.90169943749474 46.61544808322666 97.25224933131366 57.271284253105414 
21.93171219946131 51.62363799656123 38.897300677553446 84.00595217006948 -1.0 49.51767361255979 55.0 2.8284271247461903 41.617304093369626 78.23042886243178 14.317821063276353 39.408120990476064 
29.68164415931166 72.06247289678588 22.02271554554524 61.032778078668514 49.51767361255979 -1.0 8.06225774829855 49.678969393496885 60.0 84.30895563343196 63.0317380372777 59.033888572581766 
33.94112549695428 80.09993757800315 22.135943621178654 66.70832032063167 55.0 8.06225774829855 -1.0 55.47071299343465 68.00735254367721 92.11405973031478 67.94115100585212 67.00746227100382 
23.08679276123039 48.79549159502341 40.26164427839479 82.05485969764375 2.8284271247461903 49.678969393496885 55.47071299343465 -1.0 38.8329756778952 75.47184905645283 15.524174696260024 36.61966684720111 
50.60632371551998 12.36931687685298 64.8459713474939 55.90169943749474 41.617304093369626 60.0 68.00735254367721 38.8329756778952 -1.0 36.71511950137164 50.32891812864648 2.23606797749979 
84.21995013059554 29.614185789921695 95.69221493935649 46.61544808322666 78.23042886243178 84.30895563343196 92.11405973031478 75.47184905645283 36.71511950137164 -1.0 86.81589716175259 38.948684188300895 
34.058772731852805 58.309518948453004 49.73932046178355 97.25224933131366 14.317821063276353 63.0317380372777 67.94115100585212 15.524174696260024 50.32891812864648 86.81589716175259 -1.0 48.104053883222775 
48.76474136094644 13.92838827718412 63.245553203367585 57.271284253105414 39.408120990476064 59.033888572581766 67.00746227100382 36.61966684720111 2.23606797749979 38.948684188300895 48.104053883222775 -1.0 

-1.0 14.317821063276353 90.24965373894794 13.601470508735444 80.75270893288967 46.09772228646444 57.3149195236284 92.63368717696602 77.02596964660685 5.385164807134504 9.486832980505138 52.92447448959697 
14.317821063276353 -1.0 89.05054744357274 15.231546211727817 86.68333173107735 45.27692569068709 51.478150704935004 85.60373823613078 80.89499366462674 19.026297590440446 16.278820596099706 62.12889826803627 
90.24965373894794 89.05054744357274 -1.0 77.1621668954417 44.181444068749045 44.27188724235731 42.42640687119285 38.07886552931954 31.78049716414141 94.02127418834527 80.77747210701756 63.51377803280167 
13.601470508735444 15.231546211727817 77.1621668954417 -1.0 71.56814934033156 32.89376840679705 43.840620433565945 79.2464510246358 66.27216610312357 18.384776310850235 5.385164807134504 47.20169488482379 
80.75270893288967 86.68333173107735 44.181444068749045 71.56814934033156 -1.0 48.41487374764082 62.80127387243033 78.44743462982075 13.341664064126334 82.21921916437786 72.3671196055225 32.28002478313795 
46.09772228646444 45.27692569068709 44.27188724235731 32.89376840679705 48.41487374764082 -1.0 20.0 52.32590180780452 38.91015291668744 50.11985634456667 36.6742416417845 39.6232255123179 
57.3149195236284 51.478150704935004 42.42640687119285 43.840620433565945 62.80127387243033 20.0 -1.0 35.4682957019364 50.93132631298737 62.22539674441618 48.83646178829912 59.413803110051795 
92.63368717696602 85.60373823613078 38.07886552931954 79.2464510246358 78.44743462982075 52.32590180780452 35.4682957019364 -1.0 65.11528238439882 97.62171889492625 84.29116205154607 87.47571091451616 
77.02596964660685 80.89499366462674 31.78049716414141 66.27216610312357 13.341664064126334 38.91015291668744 50.93132631298737 65.11528238439882 -1.0 79.30952023559341 68.00735254367721 35.608987629529715 
5.385164807134504 19.026297590440446 94.02127418834527 18.384776310850235 82.21921916437786 50.11985634456667 62.22539674441618 97.62171889492625 79.30952023559341 -1.0 13.601470508735444 53.16013544000805 
9.486832980505138 16.278820596099706 80.77747210701756 5.385164807134504 72.3671196055225 36.6742416417845 48.83646178829912 84.29116205154607 68.00735254367721 13.601470508735444 -1.0 46.14108798023731 
52.92447448959697 62.12889826803627 63.51377803280167 47.20169488482379 32.28002478313795 39.6232255123179 59.413803110051795 87.47571091451616 35.608987629529715 53.16013544000805 46.14108798023731 -1.0 

-1.0 80.77747210701756 61.26989472816156 89.05054744357274 49.09175083453431 9.219544457292887 60.13318551349163 79.75587752636166 61.0 28.792360097775937 40.496913462633174 82.20097323024831 
80.77747210701756 -1.0 91.52595260361949 72.17340230306452 102.59142264341595 85.44003745317531 30.805843601498726 61.66036003787198 120.34118164618461 59.682493245507096 44.01136216933077 71.02112361825881 
61.26989472816156 91.52595260361949 -1.0 46.17358552246078 24.73863375370596 54.378304497290095 60.74537019394976 44.598206241955516 38.3275357934736 45.0 77.31752712031083 39.45883931389772 
89.05054744357274 72.17340230306452 46.17358552246078 -1.0 70.02856560004639 85.95929269136641 48.76474136094644 11.704699910719626 84.48076704197234 61.61980201201558 82.76472678623425 7.280109889280518 
49.09175083453431 102.59142264341595 24.73863375370596 70.02856560004639 -1.0 40.311288741492746 72.62231062146122 66.61080993352356 17.804493814764857 45.79301256742124 77.47257579298626 63.0 
9.219544457292887 85.44003745317531 54.378304497290095 85.95929269136641 40.311288741492746 -1.0 62.20128616033595 77.47257579298626 51.78802950489621 29.017236257093817 47.50789408087881 78.89233169326408 
60.13318551349163 30.805843601498726 60.74537019394976 48.76474136094644 72.62231062146122 62.20128616033595 -1.0 37.107950630558946 90.4267659490264 33.54101966249684 36.76955262170047 45.39823785126467 
79.75587752636166 61.66036003787198 44.598206241955516 11.704699910719626 66.61080993352356 77.47257579298626 37.107950630558946 -1.0 82.46211251235322 51.61395160225576 71.19691004531025 9.486832980505138 
61.0 120.34118164618461 38.3275357934736 84.48076704197234 17.804493814764857 51.78802950489621 90.4267659490264 82.46211251235322 -1.0 62.80127387243033 93.53608929178085 77.78174593052023 
28.792360097775937 59.682493245507096 45.0 61.61980201201558 45.79301256742124 29.017236257093817 33.54101966249684 51.61395160225576 62.80127387243033 -1.0 32.7566787083184 55.154328932550705 
40.496913462633174 44.01136216933077 77.31752712031083 82.76472678623425 77.47257579298626 47.50789408087881 36.76955262170047 71.19691004531025 93.53608929178085 32.7566787083184 -1.0 77.87810988975015 
82.20097323024831 71.02112361825881 39.45883931389772 7.280109889280518 63.0 78.89233169326408 45.39823785126467 9.486832980505138 77.78174593052023 55.154328932550705 77.87810988975015 -1.0 

-1.0 26.40075756488817 72.62231062146122 37.013511046643494 56.089214649520635 53.150729063673246 43.56604182158393 23.345235059857504 48.507731342539614 46.238512086787566 41.048751503547585 33.61547262794322 
26.40075756488817 -1.0 77.69813382572325 13.152946437965905 76.16429609731846 79.19595949289332 30.4138126514911 48.33218389437829 73.53910524340094 64.00781202322104 50.039984012787215 17.0 
72.62231062146122 77.69813382572325 -1.0 73.53910524340094 47.07440918375928 97.51410154434076 53.85164807134504 64.8459713474939 69.02897942168927 40.049968789001575 113.6001760562016 63.56099432828282 
37.013511046643494 13.152946437965905 73.53910524340094 -1.0 80.049984384758 90.13878188659973 21.2602916254693 56.61271941887264 81.12336284942828 67.08203932499369 63.0 10.198039027185569 
56.089214649520635 76.16429609731846 47.07440918375928 80.049984384758 -1.0 54.78138369920935 69.77105417004964 35.34119409414458 24.351591323771842 13.416407864998739 90.0499861188218 70.8801805866774 
53.150729063673246 79.19595949289332 97.51410154434076 90.13878188659973 54.78138369920935 -1.0 93.02150289046077 37.94733192202055 30.463092423455635 57.55866572463264 58.309518948453004 85.70297544426332 
43.56604182158393 30.4138126514911 53.85164807134504 21.2602916254693 69.77105417004964 93.02150289046077 -1.0 55.758407437802596 77.07788269017254 56.356011214421486 78.64477096412705 13.416407864998739 
23.345235059857504 48.33218389437829 64.8459713474939 56.61271941887264 35.34119409414458 37.94733192202055 55.758407437802596 -1.0 25.298221281347036 29.0 54.91812087098393 50.20956084253277 
48.507731342539614 73.53910524340094 69.02897942168927 81.12336284942828 24.351591323771842 30.463092423455635 77.07788269017254 25.298221281347036 -1.0 29.274562336608895 73.37574531137656 73.81734213584231 
46.238512086787566 64.00781202322104 40.049968789001575 67.08203932499369 13.416407864998739 57.55866572463264 56.356011214421486 29.0 29.274562336608895 -1.0 83.40863264674707 57.723478758647246 
41.048751503547585 50.039984012787215 113.6001760562016 63.0 90.0499861188218 58.309518948453004 78.64477096412705 54.91812087098393 73.37574531137656 83.40863264674707 -1.0 65.76473218982953 
33.61547262794322 17.0 63.56099432828282 10.198039027185569 70.8801805866774 85.70297544426332 13.416407864998739 50.20956084253277 73.81734213584231 57.723478758647246 65.76473218982953 -1.0 

-1.0 48.41487374764082 77.3692445355388 70.3846574190711 19.4164878389476 31.827660925679098 25.059928172283335 62.12889826803627 16.76305461424021 95.1892851112981 74.33034373659252 71.58910531638176 
48.41487374764082 -1.0 31.400636936215164 63.071388124885914 67.20863039818622 17.0 50.635955604688654 22.360679774997898 56.61271941887264 47.4236228055175 42.720018726587654 25.317977802344327 
77.3692445355388 31.400636936215164 -1.0 62.12889826803627 94.87360012142472 47.80167361086848 82.03657720797473 38.91015291668744 81.83520025025906 19.209372712298546 28.442925306655784 6.082762530298219 
70.3846574190711 63.071388124885914 62.12889826803627 -1.0 76.79192665899195 64.53681120105021 91.26883367283708 84.86459803710851 61.0 78.64477096412705 35.17101079013795 61.032778078668514 
19.4164878389476 67.20863039818622 94.87360012142472 76.79192665899195 -1.0 50.99019513592785 38.01315561749642 81.54140052758476 16.0 113.22543883774529 88.05679985100527 89.30845424706443 
31.827660925679098 17.0 47.80167361086848 64.53681120105021 50.99019513592785 -1.0 35.0 31.953090617340916 42.04759208325728 64.40496875241847 53.16013544000805 41.7612260356422 
25.059928172283335 50.635955604688654 82.03657720797473 91.26883367283708 38.01315561749642 35.0 -1.0 54.91812087098393 41.6293165929973 97.12363255150623 87.29833904490967 75.95393340703298 
62.12889826803627 22.360679774997898 38.91015291668744 84.86459803710851 81.54140052758476 31.953090617340916 54.91812087098393 -1.0 73.92563831310488 47.042533945356304 60.207972893961475 34.132096331752024 
16.76305461424021 56.61271941887264 81.83520025025906 61.0 16.0 42.04759208325728 41.6293165929973 73.92563831310488 -1.0 100.65783625729296 72.73238618387272 76.57675887630658 
95.1892851112981 47.4236228055175 19.209372712298546 78.64477096412705 113.22543883774529 64.40496875241847 97.12363255150623 47.042533945356304 100.65783625729296 -1.0 43.56604182158393 24.08318915758459 
74.33034373659252 42.720018726587654 28.442925306655784 35.17101079013795 88.05679985100527 53.16013544000805 87.29833904490967 60.207972893961475 72.73238618387272 43.56604182158393 -1.0 29.154759474226502 
71.58910531638176 25.317977802344327 6.082762530298219 61.032778078668514 89.30845424706443 41.7612260356422 75.95393340703298 34.132096331752024 76.57675887630658 24.08318915758459 29.154759474226502 -1.0 

-1.0 78.63841300535 88.0056816347672 47.0 107.33592129385204 81.59656855530139 76.2954782408499 48.25971404805462 69.06518659932803 81.02468759581859 76.24303246854758 23.194827009486403 
78.63841300535 -1.0 14.866068747318506 86.33075929238663 51.19570294468082 17.029386365926403 5.0 59.16924876994806 95.42536350467836 8.54400374531753 84.29116205154607 55.44366510251645 
88.0056816347672 14.866068747318506 -1.0 100.23971268913334 61.00819617067857 30.083217912982647 19.849433241279208 73.49829930005184 110.11357772772621 7.615773105863909 99.15644204992432 65.12296062065974 
47.0 86.33075929238663 100.23971268913334 -1.0 89.94442728707543 79.55501241279521 81.93900170248598 27.892651361962706 22.20360331117452 92.66067126888301 34.058772731852805 49.64876634922564 
107.33592129385204 51.19570294468082 61.00819617067857 89.94442728707543 -1.0 35.11409973215888 48.08326112068523 65.14598989960932 86.46964785403026 58.54912467321779 68.24954212300622 87.20665112249179 
81.59656855530139 17.029386365926403 30.083217912982647 79.55501241279521 35.11409973215888 -1.0 13.152946437965905 51.66236541235796 85.0881895447306 25.317977802344327 71.7007670809734 59.09314681077663 
76.2954782408499 5.0 19.849433241279208 81.93900170248598 48.08326112068523 13.152946437965905 -1.0 54.589376255824725 90.60353193998566 13.416407864998739 79.30952023559341 53.150729063673246 
48.25971404805462 59.16924876994806 73.49829930005184 27.892651361962706 65.14598989960932 51.66236541235796 54.589376255824725 -1.0 37.64306044943742 66.03029607687671 33.37663853655727 37.21558813185679 
69.06518659932803 95.42536350467836 110.11357772772621 22.20360331117452 86.46964785403026 85.0881895447306 90.60353193998566 37.64306044943742 -1.0 102.82509421342633 19.4164878389476 68.96375859826666 
81.02468759581859 8.54400374531753 7.615773105863909 92.66067126888301 58.54912467321779 25.317977802344327 13.416407864998739 66.03029607687671 102.82509421342633 -1.0 92.31467922275417 58.008620049092706 
76.24303246854758 84.29116205154607 99.15644204992432 34.058772731852805 68.24954212300622 71.7007670809734 79.30952023559341 33.37663853655727 19.4164878389476 92.31467922275417 -1.0 70.00714249274856 
23.194827009486403 55.44366510251645 65.12296062065974 49.64876634922564 87.20665112249179 59.09314681077663 53.150729063673246 37.21558813185679 68.96375859826666 58.008620049092706 70.00714249274856 -1.0 

-1.0 23.0 77.23341245859851 37.57658845611187 67.53517601961218 19.026297590440446 48.373546489791295 15.811388300841896 32.7566787083184 27.65863337187866 47.4236228055175 59.0592922409336 
23.0 -1.0 94.02127418834527 51.73973328110612 60.530983801686226 4.123105625617661 50.92150822589606 19.1049731745428 53.75872022286245 31.906112267087632 66.24198064671678 72.83543093852057 
77.23341245859851 94.02127418834527 -1.0 42.43819034784589 82.02438661763951 90.27181176868004 57.87054518492115 75.0 47.01063709417264 102.34256201600583 91.41115905621152 23.769728648009426 
37.57658845611187 51.73973328110612 42.43819034784589 -1.0 53.71219600798314 48.104053883222775 26.076809620810597 32.64965543462902 20.808652046684813 64.8459713474939 68.6804193347711 21.633307652783937 
67.53517601961218 60.530983801686226 82.02438661763951 53.71219600798314 -1.0 60.207972893961475 27.730849247724095 51.894122981316485 73.00684899377592 90.52071586106685 113.22543883774529 59.53990258641679 
19.026297590440446 4.123105625617661 90.27181176868004 48.104053883222775 60.207972893961475 -1.0 48.76474136094644 15.620499351813308 49.64876634922564 30.870698080866262 63.28506932918696 69.35416353759881 
48.373546489791295 50.92150822589606 57.87054518492115 26.076809620810597 27.730849247724095 48.76474136094644 -1.0 35.12833614050059 46.010868281309364 75.0 89.89438247187641 34.23448553724738 
15.811388300841896 19.1049731745428 75.0 32.64965543462902 51.894122981316485 15.620499351813308 35.12833614050059 -1.0 37.21558813185679 40.11234224026316 62.93647591023825 53.75872022286245 
32.7566787083184 53.75872022286245 47.01063709417264 20.808652046684813 73.00684899377592 49.64876634922564 46.010868281309364 37.21558813185679 -1.0 55.60575509783138 49.49747468305833 35.0 
27.65863337187866 31.906112267087632 102.34256201600583 64.8459713474939 90.52071586106685 30.870698080866262 75.0 40.11234224026316 55.60575509783138 -1.0 41.30375285612676 86.00581375697809 
47.4236228055175 66.24198064671678 91.41115905621152 68.6804193347711 113.22543883774529 63.28506932918696 89.89438247187641 62.93647591023825 49.49747468305833 41.30375285612676 -1.0 84.29116205154607 
59.0592922409336 72.83543093852057 23.769728648009426 21.633307652783937 59.53990258641679 69.35416353759881 34.23448553724738 53.75872022286245 35.0 86.00581375697809 84.29116205154607 -1.0 

-1.0 29.0 65.29931086925804 44.553338819890925 17.46424919657298 28.42534080710379 19.924858845171276 44.721359549995796 36.05551275463989 63.387695966961914 15.132745950421556 22.135943621178654 
29.0 -1.0 94.26027795418386 52.952809179494906 44.94441010848846 39.05124837953327 14.142135623730951 70.26378868236469 61.09828148156051 84.17244204607586 18.973665961010276 14.035668847618199 
65.29931086925804 94.26027795418386 -1.0 81.61494961096282 50.32891812864648 71.55417527999327 84.0535543567314 42.04759208325728 42.37924020083418 60.74537019394976 78.49203781276162 84.95881355103778 
44.553338819890925 52.952809179494906 81.61494961096282 -1.0 55.569775957799216 72.91776189653656 39.84971769034255 40.80441152620633 73.40980860893181 39.20459156782532 37.57658845611187 58.180752831155424 
17.46424919657298 44.94441010848846 50.32891812864648 55.569775957799216 -1.0 26.019223662515376 37.36308338453881 41.0 19.1049731745428 63.694583757176716 32.55764119219941 34.655446902326915 
28.42534080710379 39.05124837953327 71.55417527999327 72.91776189653656 26.019223662515376 -1.0 40.311288741492746 66.75327707311455 30.0 88.60022573334675 38.58756276314948 25.019992006393608 
19.924858845171276 14.142135623730951 84.0535543567314 39.84971769034255 37.36308338453881 40.311288741492746 -1.0 56.824290580701486 55.57877292636101 70.03570517957252 5.656854249492381 19.209372712298546 
